0.0196078 0.0196078 0.101924 
0.0392157 0.0196078 0.103866 
0.0588235 0.0196078 0.105807 
0.0784314 0.0196078 0.107745 
0.0980392 0.0196078 0.10968 
0.117647 0.0196078 0.11161 
0.137255 0.0196078 0.113536 
0.156863 0.0196078 0.115456 
0.176471 0.0196078 0.117369 
0.196078 0.0196078 0.119275 
0.215686 0.0196078 0.121173 
0.235294 0.0196078 0.123062 
0.254902 0.0196078 0.124941 
0.27451 0.0196078 0.126809 
0.294118 0.0196078 0.128665 
0.313725 0.0196078 0.130509 
0.333333 0.0196078 0.13234 
0.352941 0.0196078 0.134156 
0.372549 0.0196078 0.135958 
0.392157 0.0196078 0.137743 
0.411765 0.0196078 0.139512 
0.431373 0.0196078 0.141263 
0.45098 0.0196078 0.142996 
0.470588 0.0196078 0.144709 
0.490196 0.0196078 0.146402 
0.509804 0.0196078 0.148073 
0.529412 0.0196078 0.149721 
0.54902 0.0196078 0.151346 
0.568627 0.0196078 0.152946 
0.588235 0.0196078 0.154519 
0.607843 0.0196078 0.156065 
0.627451 0.0196078 0.157582 
0.647059 0.0196078 0.159068 
0.666667 0.0196078 0.160522 
0.686275 0.0196078 0.16194 
0.705882 0.0196078 0.163321 
0.72549 0.0196078 0.16466 
0.745098 0.0196078 0.165954 
0.764706 0.0196078 0.167198 
0.784314 0.0196078 0.168384 
0.803922 0.0196078 0.169504 
0.823529 0.0196078 0.170546 
0.843137 0.0196078 0.17149 
0.862745 0.0196078 0.172313 
0.882353 0.0196078 0.172976 
0.901961 0.0196078 0.173424 
0.921569 0.0196078 0.173584 
0.941176 0.0196078 0.1734 
0.960784 0.0196078 0.173045 
0.980392 0.0196078 0.173992 
0.0196078 0.0392157 0.101849 
0.0392157 0.0392157 0.103773 
0.0588235 0.0392157 0.105696 
0.0784314 0.0392157 0.107616 
0.0980392 0.0392157 0.109533 
0.117647 0.0392157 0.111445 
0.137255 0.0392157 0.113352 
0.156863 0.0392157 0.115252 
0.176471 0.0392157 0.117146 
0.196078 0.0392157 0.119031 
0.215686 0.0392157 0.120907 
0.235294 0.0392157 0.122773 
0.254902 0.0392157 0.124629 
0.27451 0.0392157 0.126472 
0.294118 0.0392157 0.128303 
0.313725 0.0392157 0.13012 
0.333333 0.0392157 0.131923 
0.352941 0.0392157 0.13371 
0.372549 0.0392157 0.13548 
0.392157 0.0392157 0.137232 
0.411765 0.0392157 0.138965 
0.431373 0.0392157 0.140679 
0.45098 0.0392157 0.142372 
0.470588 0.0392157 0.144042 
0.490196 0.0392157 0.145688 
0.509804 0.0392157 0.14731 
0.529412 0.0392157 0.148905 
0.54902 0.0392157 0.150473 
0.568627 0.0392157 0.15201 
0.588235 0.0392157 0.153517 
0.607843 0.0392157 0.154989 
0.627451 0.0392157 0.156426 
0.647059 0.0392157 0.157824 
0.666667 0.0392157 0.159179 
0.686275 0.0392157 0.160489 
0.705882 0.0392157 0.161748 
0.72549 0.0392157 0.162951 
0.745098 0.0392157 0.16409 
0.764706 0.0392157 0.165155 
0.784314 0.0392157 0.166135 
0.803922 0.0392157 0.167013 
0.823529 0.0392157 0.167767 
0.843137 0.0392157 0.168363 
0.862745 0.0392157 0.168755 
0.882353 0.0392157 0.168874 
0.901961 0.0392157 0.168612 
0.921569 0.0392157 0.167789 
0.941176 0.0392157 0.166078 
0.960784 0.0392157 0.162752 
0.980392 0.0392157 0.155655 
0.0196078 0.0588235 0.101735 
0.0392157 0.0588235 0.103642 
0.0588235 0.0588235 0.105548 
0.0784314 0.0588235 0.10745 
0.0980392 0.0588235 0.109349 
0.117647 0.0588235 0.111242 
0.137255 0.0588235 0.11313 
0.156863 0.0588235 0.115011 
0.176471 0.0588235 0.116885 
0.196078 0.0588235 0.118749 
0.215686 0.0588235 0.120604 
0.235294 0.0588235 0.122448 
0.254902 0.0588235 0.124281 
0.27451 0.0588235 0.1261 
0.294118 0.0588235 0.127906 
0.313725 0.0588235 0.129696 
0.333333 0.0588235 0.131471 
0.352941 0.0588235 0.133228 
0.372549 0.0588235 0.134967 
0.392157 0.0588235 0.136686 
0.411765 0.0588235 0.138385 
0.431373 0.0588235 0.140061 
0.45098 0.0588235 0.141714 
0.470588 0.0588235 0.143342 
0.490196 0.0588235 0.144943 
0.509804 0.0588235 0.146516 
0.529412 0.0588235 0.14806 
0.54902 0.0588235 0.149571 
0.568627 0.0588235 0.151048 
0.588235 0.0588235 0.152488 
0.607843 0.0588235 0.153889 
0.627451 0.0588235 0.155247 
0.647059 0.0588235 0.156559 
0.666667 0.0588235 0.157821 
0.686275 0.0588235 0.159026 
0.705882 0.0588235 0.160169 
0.72549 0.0588235 0.161242 
0.745098 0.0588235 0.162234 
0.764706 0.0588235 0.163133 
0.784314 0.0588235 0.163923 
0.803922 0.0588235 0.164581 
0.823529 0.0588235 0.165078 
0.843137 0.0588235 0.165371 
0.862745 0.0588235 0.165403 
0.882353 0.0588235 0.165087 
0.901961 0.0588235 0.164292 
0.921569 0.0588235 0.162812 
0.941176 0.0588235 0.160302 
0.960784 0.0588235 0.15616 
0.980392 0.0588235 0.149361 
0.0196078 0.0784314 0.101584 
0.0392157 0.0784314 0.103474 
0.0588235 0.0784314 0.105361 
0.0784314 0.0784314 0.107246 
0.0980392 0.0784314 0.109127 
0.117647 0.0784314 0.111002 
0.137255 0.0784314 0.112872 
0.156863 0.0784314 0.114734 
0.176471 0.0784314 0.116587 
0.196078 0.0784314 0.118432 
0.215686 0.0784314 0.120265 
0.235294 0.0784314 0.122088 
0.254902 0.0784314 0.123897 
0.27451 0.0784314 0.125693 
0.294118 0.0784314 0.127474 
0.313725 0.0784314 0.129238 
0.333333 0.0784314 0.130985 
0.352941 0.0784314 0.132713 
0.372549 0.0784314 0.134422 
0.392157 0.0784314 0.136109 
0.411765 0.0784314 0.137773 
0.431373 0.0784314 0.139413 
0.45098 0.0784314 0.141026 
0.470588 0.0784314 0.142613 
0.490196 0.0784314 0.14417 
0.509804 0.0784314 0.145696 
0.529412 0.0784314 0.147188 
0.54902 0.0784314 0.148644 
0.568627 0.0784314 0.150063 
0.588235 0.0784314 0.151439 
0.607843 0.0784314 0.152771 
0.627451 0.0784314 0.154054 
0.647059 0.0784314 0.155284 
0.666667 0.0784314 0.156456 
0.686275 0.0784314 0.157563 
0.705882 0.0784314 0.158597 
0.72549 0.0784314 0.159549 
0.745098 0.0784314 0.160407 
0.764706 0.0784314 0.161156 
0.784314 0.0784314 0.161777 
0.803922 0.0784314 0.162245 
0.823529 0.0784314 0.162526 
0.843137 0.0784314 0.162575 
0.862745 0.0784314 0.162332 
0.882353 0.0784314 0.16171 
0.901961 0.0784314 0.160589 
0.921569 0.0784314 0.158796 
0.941176 0.0784314 0.15609 
0.960784 0.0784314 0.152156 
0.980392 0.0784314 0.146705 
0.0196078 0.0980392 0.101394 
0.0392157 0.0980392 0.103267 
0.0588235 0.0980392 0.105138 
0.0784314 0.0980392 0.107005 
0.0980392 0.0980392 0.108868 
0.117647 0.0980392 0.110726 
0.137255 0.0980392 0.112577 
0.156863 0.0980392 0.11442 
0.176471 0.0980392 0.116254 
0.196078 0.0980392 0.118079 
0.215686 0.0980392 0.119892 
0.235294 0.0980392 0.121693 
0.254902 0.0980392 0.12348 
0.27451 0.0980392 0.125252 
0.294118 0.0980392 0.127008 
0.313725 0.0980392 0.128747 
0.333333 0.0980392 0.130467 
0.352941 0.0980392 0.132167 
0.372549 0.0980392 0.133845 
0.392157 0.0980392 0.135501 
0.411765 0.0980392 0.137131 
0.431373 0.0980392 0.138735 
0.45098 0.0980392 0.140311 
0.470588 0.0980392 0.141858 
0.490196 0.0980392 0.143372 
0.509804 0.0980392 0.144851 
0.529412 0.0980392 0.146295 
0.54902 0.0980392 0.147698 
0.568627 0.0980392 0.14906 
0.588235 0.0980392 0.150375 
0.607843 0.0980392 0.151641 
0.627451 0.0980392 0.152853 
0.647059 0.0980392 0.154006 
0.666667 0.0980392 0.155094 
0.686275 0.0980392 0.156109 
0.705882 0.0980392 0.157044 
0.72549 0.0980392 0.157886 
0.745098 0.0980392 0.158625 
0.764706 0.0980392 0.159242 
0.784314 0.0980392 0.159719 
0.803922 0.0980392 0.160029 
0.823529 0.0980392 0.160138 
0.843137 0.0980392 0.160004 
0.862745 0.0980392 0.159571 
0.882353 0.0980392 0.158764 
0.901961 0.0980392 0.157488 
0.921569 0.0980392 0.155625 
0.941176 0.0980392 0.153036 
0.960784 0.0980392 0.149599 
0.980392 0.0980392 0.145302 
0.0196078 0.117647 0.101166 
0.0392157 0.117647 0.103023 
0.0588235 0.117647 0.104877 
0.0784314 0.117647 0.106727 
0.0980392 0.117647 0.108573 
0.117647 0.117647 0.110413 
0.137255 0.117647 0.112246 
0.156863 0.117647 0.114071 
0.176471 0.117647 0.115887 
0.196078 0.117647 0.117691 
0.215686 0.117647 0.119484 
0.235294 0.117647 0.121264 
0.254902 0.117647 0.123029 
0.27451 0.117647 0.124779 
0.294118 0.117647 0.126511 
0.313725 0.117647 0.128225 
0.333333 0.117647 0.129919 
0.352941 0.117647 0.131591 
0.372549 0.117647 0.13324 
0.392157 0.117647 0.134864 
0.411765 0.117647 0.136462 
0.431373 0.117647 0.138032 
0.45098 0.117647 0.139571 
0.470588 0.117647 0.141079 
0.490196 0.117647 0.142551 
0.509804 0.117647 0.143987 
0.529412 0.117647 0.145383 
0.54902 0.117647 0.146736 
0.568627 0.117647 0.148044 
0.588235 0.117647 0.149302 
0.607843 0.117647 0.150506 
0.627451 0.117647 0.151651 
0.647059 0.117647 0.152732 
0.666667 0.117647 0.153742 
0.686275 0.117647 0.154674 
0.705882 0.117647 0.155519 
0.72549 0.117647 0.156265 
0.745098 0.117647 0.156899 
0.764706 0.117647 0.157404 
0.784314 0.117647 0.157762 
0.803922 0.117647 0.157947 
0.823529 0.117647 0.157928 
0.843137 0.117647 0.157667 
0.862745 0.117647 0.157116 
0.882353 0.117647 0.156219 
0.901961 0.117647 0.154908 
0.921569 0.117647 0.15311 
0.941176 0.117647 0.15076 
0.960784 0.117647 0.147831 
0.980392 0.117647 0.14439 
0.0196078 0.137255 0.100901 
0.0392157 0.137255 0.102741 
0.0588235 0.137255 0.104579 
0.0784314 0.137255 0.106413 
0.0980392 0.137255 0.108242 
0.117647 0.137255 0.110065 
0.137255 0.137255 0.111881 
0.156863 0.137255 0.113687 
0.176471 0.137255 0.115484 
0.196078 0.137255 0.11727 
0.215686 0.137255 0.119043 
0.235294 0.137255 0.120803 
0.254902 0.137255 0.122547 
0.27451 0.137255 0.124274 
0.294118 0.137255 0.125983 
0.313725 0.137255 0.127672 
0.333333 0.137255 0.129341 
0.352941 0.137255 0.130986 
0.372549 0.137255 0.132607 
0.392157 0.137255 0.134202 
0.411765 0.137255 0.135768 
0.431373 0.137255 0.137305 
0.45098 0.137255 0.138809 
0.470588 0.137255 0.140278 
0.490196 0.137255 0.141711 
0.509804 0.137255 0.143105 
0.529412 0.137255 0.144456 
0.54902 0.137255 0.145762 
0.568627 0.137255 0.147018 
0.588235 0.137255 0.148222 
0.607843 0.137255 0.149368 
0.627451 0.137255 0.150452 
0.647059 0.137255 0.151467 
0.666667 0.137255 0.152407 
0.686275 0.137255 0.153264 
0.705882 0.137255 0.154029 
0.72549 0.137255 0.154691 
0.745098 0.137255 0.155236 
0.764706 0.137255 0.15565 
0.784314 0.137255 0.155913 
0.803922 0.137255 0.156003 
0.823529 0.137255 0.155893 
0.843137 0.137255 0.155551 
0.862745 0.137255 0.154941 
0.882353 0.137255 0.15402 
0.901961 0.137255 0.152745 
0.921569 0.137255 0.151078 
0.941176 0.137255 0.148994 
0.960784 0.137255 0.146507 
0.980392 0.137255 0.143693 
0.0196078 0.156863 0.100598 
0.0392157 0.156863 0.102422 
0.0588235 0.156863 0.104244 
0.0784314 0.156863 0.106062 
0.0980392 0.156863 0.107875 
0.117647 0.156863 0.109681 
0.137255 0.156863 0.11148 
0.156863 0.156863 0.11327 
0.176471 0.156863 0.115049 
0.196078 0.156863 0.116816 
0.215686 0.156863 0.11857 
0.235294 0.156863 0.120309 
0.254902 0.156863 0.122033 
0.27451 0.156863 0.123739 
0.294118 0.156863 0.125425 
0.313725 0.156863 0.127091 
0.333333 0.156863 0.128735 
0.352941 0.156863 0.130354 
0.372549 0.156863 0.131948 
0.392157 0.156863 0.133514 
0.411765 0.156863 0.135051 
0.431373 0.156863 0.136555 
0.45098 0.156863 0.138026 
0.470588 0.156863 0.13946 
0.490196 0.156863 0.140855 
0.509804 0.156863 0.142208 
0.529412 0.156863 0.143517 
0.54902 0.156863 0.144778 
0.568627 0.156863 0.145987 
0.588235 0.156863 0.147141 
0.607843 0.156863 0.148233 
0.627451 0.156863 0.149261 
0.647059 0.156863 0.150216 
0.666667 0.156863 0.151093 
0.686275 0.156863 0.151884 
0.705882 0.156863 0.15258 
0.72549 0.156863 0.15317 
0.745098 0.156863 0.153642 
0.764706 0.156863 0.153981 
0.784314 0.156863 0.154172 
0.803922 0.156863 0.154193 
0.823529 0.156863 0.154024 
0.843137 0.156863 0.153638 
0.862745 0.156863 0.153009 
0.882353 0.156863 0.152107 
0.901961 0.156863 0.150908 
0.921569 0.156863 0.149394 
0.941176 0.156863 0.147562 
0.960784 0.156863 0.14544 
0.980392 0.156863 0.143095 
0.0196078 0.176471 0.100258 
0.0392157 0.176471 0.102067 
0.0588235 0.176471 0.103873 
0.0784314 0.176471 0.105676 
0.0980392 0.176471 0.107473 
0.117647 0.176471 0.109263 
0.137255 0.176471 0.111045 
0.156863 0.176471 0.112818 
0.176471 0.176471 0.11458 
0.196078 0.176471 0.116329 
0.215686 0.176471 0.118065 
0.235294 0.176471 0.119785 
0.254902 0.176471 0.121489 
0.27451 0.176471 0.123174 
0.294118 0.176471 0.124839 
0.313725 0.176471 0.126483 
0.333333 0.176471 0.128103 
0.352941 0.176471 0.129697 
0.372549 0.176471 0.131265 
0.392157 0.176471 0.132804 
0.411765 0.176471 0.134311 
0.431373 0.176471 0.135785 
0.45098 0.176471 0.137224 
0.470588 0.176471 0.138624 
0.490196 0.176471 0.139984 
0.509804 0.176471 0.1413 
0.529412 0.176471 0.142569 
0.54902 0.176471 0.143788 
0.568627 0.176471 0.144953 
0.588235 0.176471 0.14606 
0.607843 0.176471 0.147104 
0.627451 0.176471 0.14808 
0.647059 0.176471 0.148982 
0.666667 0.176471 0.149804 
0.686275 0.176471 0.150537 
0.705882 0.176471 0.151174 
0.72549 0.176471 0.151704 
0.745098 0.176471 0.152116 
0.764706 0.176471 0.152398 
0.784314 0.176471 0.152534 
0.803922 0.176471 0.152509 
0.823529 0.176471 0.152305 
0.843137 0.176471 0.151902 
0.862745 0.176471 0.151281 
0.882353 0.176471 0.150425 
0.901961 0.176471 0.149318 
0.921569 0.176471 0.147958 
0.941176 0.176471 0.146351 
0.960784 0.176471 0.144527 
0.980392 0.176471 0.142542 
0.0196078 0.196078 0.0998798 
0.0392157 0.196078 0.101674 
0.0588235 0.196078 0.103466 
0.0784314 0.196078 0.105254 
0.0980392 0.196078 0.107036 
0.117647 0.196078 0.108811 
0.137255 0.196078 0.110577 
0.156863 0.196078 0.112334 
0.176471 0.196078 0.114079 
0.196078 0.196078 0.115811 
0.215686 0.196078 0.117529 
0.235294 0.196078 0.119231 
0.254902 0.196078 0.120916 
0.27451 0.196078 0.122581 
0.294118 0.196078 0.124226 
0.313725 0.196078 0.125848 
0.333333 0.196078 0.127445 
0.352941 0.196078 0.129016 
0.372549 0.196078 0.130559 
0.392157 0.196078 0.132072 
0.411765 0.196078 0.133552 
0.431373 0.196078 0.134998 
0.45098 0.196078 0.136406 
0.470588 0.196078 0.137775 
0.490196 0.196078 0.139101 
0.509804 0.196078 0.140382 
0.529412 0.196078 0.141614 
0.54902 0.196078 0.142795 
0.568627 0.196078 0.143919 
0.588235 0.196078 0.144984 
0.607843 0.196078 0.145983 
0.627451 0.196078 0.146913 
0.647059 0.196078 0.147768 
0.666667 0.196078 0.148541 
0.686275 0.196078 0.149224 
0.705882 0.196078 0.149811 
0.72549 0.196078 0.150292 
0.745098 0.196078 0.150657 
0.764706 0.196078 0.150894 
0.784314 0.196078 0.150993 
0.803922 0.196078 0.150939 
0.823529 0.196078 0.150718 
0.843137 0.196078 0.150317 
0.862745 0.196078 0.149722 
0.882353 0.196078 0.148924 
0.901961 0.196078 0.147916 
0.921569 0.196078 0.146699 
0.941176 0.196078 0.145287 
0.960784 0.196078 0.143708 
0.980392 0.196078 0.142004 
0.0196078 0.215686 0.099465 
0.0392157 0.215686 0.101246 
0.0588235 0.215686 0.103023 
0.0784314 0.215686 0.104797 
0.0980392 0.215686 0.106564 
0.117647 0.215686 0.108325 
0.137255 0.215686 0.110076 
0.156863 0.215686 0.111817 
0.176471 0.215686 0.113547 
0.196078 0.215686 0.115263 
0.215686 0.215686 0.116964 
0.235294 0.215686 0.118648 
0.254902 0.215686 0.120315 
0.27451 0.215686 0.121961 
0.294118 0.215686 0.123586 
0.313725 0.215686 0.125188 
0.333333 0.215686 0.126764 
0.352941 0.215686 0.128312 
0.372549 0.215686 0.129832 
0.392157 0.215686 0.13132 
0.411765 0.215686 0.132775 
0.431373 0.215686 0.134193 
0.45098 0.215686 0.135573 
0.470588 0.215686 0.136912 
0.490196 0.215686 0.138207 
0.509804 0.215686 0.139456 
0.529412 0.215686 0.140654 
0.54902 0.215686 0.141799 
0.568627 0.215686 0.142886 
0.588235 0.215686 0.143912 
0.607843 0.215686 0.144872 
0.627451 0.215686 0.145762 
0.647059 0.215686 0.146574 
0.666667 0.215686 0.147305 
0.686275 0.215686 0.147946 
0.705882 0.215686 0.148492 
0.72549 0.215686 0.148933 
0.745098 0.215686 0.149261 
0.764706 0.215686 0.149466 
0.784314 0.215686 0.149539 
0.803922 0.215686 0.149469 
0.823529 0.215686 0.149246 
0.843137 0.215686 0.148859 
0.862745 0.215686 0.148301 
0.882353 0.215686 0.147566 
0.901961 0.215686 0.146653 
0.921569 0.215686 0.145567 
0.941176 0.215686 0.144323 
0.960784 0.215686 0.142944 
0.980392 0.215686 0.141465 
0.0196078 0.235294 0.0990134 
0.0392157 0.235294 0.100781 
0.0588235 0.235294 0.102545 
0.0784314 0.235294 0.104305 
0.0980392 0.235294 0.106059 
0.117647 0.235294 0.107805 
0.137255 0.235294 0.109542 
0.156863 0.235294 0.111269 
0.176471 0.235294 0.112983 
0.196078 0.235294 0.114684 
0.215686 0.235294 0.116369 
0.235294 0.235294 0.118037 
0.254902 0.235294 0.119686 
0.27451 0.235294 0.121315 
0.294118 0.235294 0.122921 
0.313725 0.235294 0.124503 
0.333333 0.235294 0.126059 
0.352941 0.235294 0.127587 
0.372549 0.235294 0.129084 
0.392157 0.235294 0.13055 
0.411765 0.235294 0.13198 
0.431373 0.235294 0.133373 
0.45098 0.235294 0.134727 
0.470588 0.235294 0.136038 
0.490196 0.235294 0.137305 
0.509804 0.235294 0.138523 
0.529412 0.235294 0.13969 
0.54902 0.235294 0.140803 
0.568627 0.235294 0.141857 
0.588235 0.235294 0.142848 
0.607843 0.235294 0.143773 
0.627451 0.235294 0.144626 
0.647059 0.235294 0.145403 
0.666667 0.235294 0.146097 
0.686275 0.235294 0.146703 
0.705882 0.235294 0.147214 
0.72549 0.235294 0.147624 
0.745098 0.235294 0.147924 
0.764706 0.235294 0.148106 
0.784314 0.235294 0.148164 
0.803922 0.235294 0.148088 
0.823529 0.235294 0.147871 
0.843137 0.235294 0.147507 
0.862745 0.235294 0.14699 
0.882353 0.235294 0.146319 
0.901961 0.235294 0.145495 
0.921569 0.235294 0.144526 
0.941176 0.235294 0.143425 
0.960784 0.235294 0.142212 
0.980392 0.235294 0.140916 
0.0196078 0.254902 0.0985252 
0.0392157 0.254902 0.10028 
0.0588235 0.254902 0.102032 
0.0784314 0.254902 0.103779 
0.0980392 0.254902 0.10552 
0.117647 0.254902 0.107253 
0.137255 0.254902 0.108977 
0.156863 0.254902 0.110689 
0.176471 0.254902 0.11239 
0.196078 0.254902 0.114076 
0.215686 0.254902 0.115746 
0.235294 0.254902 0.117398 
0.254902 0.254902 0.119031 
0.27451 0.254902 0.120643 
0.294118 0.254902 0.122232 
0.313725 0.254902 0.123796 
0.333333 0.254902 0.125333 
0.352941 0.254902 0.126841 
0.372549 0.254902 0.128318 
0.392157 0.254902 0.129762 
0.411765 0.254902 0.13117 
0.431373 0.254902 0.132539 
0.45098 0.254902 0.133869 
0.470588 0.254902 0.135155 
0.490196 0.254902 0.136395 
0.509804 0.254902 0.137586 
0.529412 0.254902 0.138725 
0.54902 0.254902 0.139808 
0.568627 0.254902 0.140832 
0.588235 0.254902 0.141792 
0.607843 0.254902 0.142686 
0.627451 0.254902 0.143507 
0.647059 0.254902 0.144253 
0.666667 0.254902 0.144916 
0.686275 0.254902 0.145493 
0.705882 0.254902 0.145976 
0.72549 0.254902 0.146361 
0.745098 0.254902 0.14664 
0.764706 0.254902 0.146808 
0.784314 0.254902 0.146857 
0.803922 0.254902 0.146783 
0.823529 0.254902 0.146579 
0.843137 0.254902 0.146241 
0.862745 0.254902 0.145767 
0.882353 0.254902 0.145157 
0.901961 0.254902 0.144415 
0.921569 0.254902 0.143548 
0.941176 0.254902 0.142569 
0.960784 0.254902 0.141495 
0.980392 0.254902 0.140349 
0.0196078 0.27451 0.0980005 
0.0392157 0.27451 0.0997436 
0.0588235 0.27451 0.101483 
0.0784314 0.27451 0.103219 
0.0980392 0.27451 0.104947 
0.117647 0.27451 0.106668 
0.137255 0.27451 0.108379 
0.156863 0.27451 0.110079 
0.176471 0.27451 0.111766 
0.196078 0.27451 0.113439 
0.215686 0.27451 0.115095 
0.235294 0.27451 0.116732 
0.254902 0.27451 0.11835 
0.27451 0.27451 0.119947 
0.294118 0.27451 0.121519 
0.313725 0.27451 0.123067 
0.333333 0.27451 0.124586 
0.352941 0.27451 0.126076 
0.372549 0.27451 0.127534 
0.392157 0.27451 0.128957 
0.411765 0.27451 0.130345 
0.431373 0.27451 0.131693 
0.45098 0.27451 0.133 
0.470588 0.27451 0.134263 
0.490196 0.27451 0.135479 
0.509804 0.27451 0.136645 
0.529412 0.27451 0.137758 
0.54902 0.27451 0.138815 
0.568627 0.27451 0.139812 
0.588235 0.27451 0.140745 
0.607843 0.27451 0.141611 
0.627451 0.27451 0.142405 
0.647059 0.27451 0.143124 
0.666667 0.27451 0.143761 
0.686275 0.27451 0.144313 
0.705882 0.27451 0.144775 
0.72549 0.27451 0.145141 
0.745098 0.27451 0.145405 
0.764706 0.27451 0.145564 
0.784314 0.27451 0.145611 
0.803922 0.27451 0.145542 
0.823529 0.27451 0.145355 
0.843137 0.27451 0.145045 
0.862745 0.27451 0.144613 
0.882353 0.27451 0.144061 
0.901961 0.27451 0.143392 
0.921569 0.27451 0.142615 
0.941176 0.27451 0.14174 
0.960784 0.27451 0.140783 
0.980392 0.27451 0.139761 
0.0196078 0.294118 0.0974396 
0.0392157 0.294118 0.0991718 
0.0588235 0.294118 0.100901 
0.0784314 0.294118 0.102625 
0.0980392 0.294118 0.104342 
0.117647 0.294118 0.106052 
0.137255 0.294118 0.107751 
0.156863 0.294118 0.109439 
0.176471 0.294118 0.111114 
0.196078 0.294118 0.112773 
0.215686 0.294118 0.114416 
0.235294 0.294118 0.116041 
0.254902 0.294118 0.117645 
0.27451 0.294118 0.119227 
0.294118 0.294118 0.120784 
0.313725 0.294118 0.122316 
0.333333 0.294118 0.123819 
0.352941 0.294118 0.125292 
0.372549 0.294118 0.126732 
0.392157 0.294118 0.128138 
0.411765 0.294118 0.129506 
0.431373 0.294118 0.130835 
0.45098 0.294118 0.132122 
0.470588 0.294118 0.133363 
0.490196 0.294118 0.134557 
0.509804 0.294118 0.135701 
0.529412 0.294118 0.136791 
0.54902 0.294118 0.137824 
0.568627 0.294118 0.138797 
0.588235 0.294118 0.139707 
0.607843 0.294118 0.140549 
0.627451 0.294118 0.14132 
0.647059 0.294118 0.142015 
0.666667 0.294118 0.142631 
0.686275 0.294118 0.143164 
0.705882 0.294118 0.143608 
0.72549 0.294118 0.143959 
0.745098 0.294118 0.144214 
0.764706 0.294118 0.144367 
0.784314 0.294118 0.144416 
0.803922 0.294118 0.144356 
0.823529 0.294118 0.144187 
0.843137 0.294118 0.143906 
0.862745 0.294118 0.143514 
0.882353 0.294118 0.143014 
0.901961 0.294118 0.142411 
0.921569 0.294118 0.141711 
0.941176 0.294118 0.140925 
0.960784 0.294118 0.140066 
0.980392 0.294118 0.139148 
0.0196078 0.313725 0.0968428 
0.0392157 0.313725 0.098565 
0.0588235 0.313725 0.100284 
0.0784314 0.313725 0.101997 
0.0980392 0.313725 0.103705 
0.117647 0.313725 0.105403 
0.137255 0.313725 0.107092 
0.156863 0.313725 0.108769 
0.176471 0.313725 0.110432 
0.196078 0.313725 0.112081 
0.215686 0.313725 0.113711 
0.235294 0.313725 0.115324 
0.254902 0.313725 0.116915 
0.27451 0.313725 0.118484 
0.294118 0.313725 0.120027 
0.313725 0.313725 0.121545 
0.333333 0.313725 0.123033 
0.352941 0.313725 0.124491 
0.372549 0.313725 0.125915 
0.392157 0.313725 0.127304 
0.411765 0.313725 0.128655 
0.431373 0.313725 0.129966 
0.45098 0.313725 0.131234 
0.470588 0.313725 0.132457 
0.490196 0.313725 0.133632 
0.509804 0.313725 0.134755 
0.529412 0.313725 0.135825 
0.54902 0.313725 0.136837 
0.568627 0.313725 0.137789 
0.588235 0.313725 0.138678 
0.607843 0.313725 0.139499 
0.627451 0.313725 0.14025 
0.647059 0.313725 0.140926 
0.666667 0.313725 0.141525 
0.686275 0.313725 0.142041 
0.705882 0.313725 0.142471 
0.72549 0.313725 0.142812 
0.745098 0.313725 0.14306 
0.764706 0.313725 0.143212 
0.784314 0.313725 0.143265 
0.803922 0.313725 0.143216 
0.823529 0.313725 0.143066 
0.843137 0.313725 0.142812 
0.862745 0.313725 0.142458 
0.882353 0.313725 0.142005 
0.901961 0.313725 0.141459 
0.921569 0.313725 0.140826 
0.941176 0.313725 0.140116 
0.960784 0.313725 0.139339 
0.980392 0.313725 0.138508 
0.0196078 0.333333 0.0962104 
0.0392157 0.333333 0.0979233 
0.0588235 0.333333 0.0996329 
0.0784314 0.333333 0.101337 
0.0980392 0.333333 0.103035 
0.117647 0.333333 0.104724 
0.137255 0.333333 0.106403 
0.156863 0.333333 0.10807 
0.176471 0.333333 0.109723 
0.196078 0.333333 0.111361 
0.215686 0.333333 0.112981 
0.235294 0.333333 0.114582 
0.254902 0.333333 0.116161 
0.27451 0.333333 0.117718 
0.294118 0.333333 0.11925 
0.313725 0.333333 0.120754 
0.333333 0.333333 0.122229 
0.352941 0.333333 0.123673 
0.372549 0.333333 0.125083 
0.392157 0.333333 0.126457 
0.411765 0.333333 0.127792 
0.431373 0.333333 0.129087 
0.45098 0.333333 0.130339 
0.470588 0.333333 0.131545 
0.490196 0.333333 0.132702 
0.509804 0.333333 0.133808 
0.529412 0.333333 0.134859 
0.54902 0.333333 0.135854 
0.568627 0.333333 0.136788 
0.588235 0.333333 0.137658 
0.607843 0.333333 0.138462 
0.627451 0.333333 0.139195 
0.647059 0.333333 0.139856 
0.666667 0.333333 0.140439 
0.686275 0.333333 0.140943 
0.705882 0.333333 0.141363 
0.72549 0.333333 0.141696 
0.745098 0.333333 0.14194 
0.764706 0.333333 0.142092 
0.784314 0.333333 0.142151 
0.803922 0.333333 0.142114 
0.823529 0.333333 0.141982 
0.843137 0.333333 0.141754 
0.862745 0.333333 0.141434 
0.882353 0.333333 0.141023 
0.901961 0.333333 0.140526 
0.921569 0.333333 0.139951 
0.941176 0.333333 0.139305 
0.960784 0.333333 0.138598 
0.980392 0.333333 0.13784 
0.0196078 0.352941 0.0955425 
0.0392157 0.352941 0.0972473 
0.0588235 0.352941 0.0989485 
0.0784314 0.352941 0.100645 
0.0980392 0.352941 0.102334 
0.117647 0.352941 0.104014 
0.137255 0.352941 0.105685 
0.156863 0.352941 0.107343 
0.176471 0.352941 0.108986 
0.196078 0.352941 0.110615 
0.215686 0.352941 0.112225 
0.235294 0.352941 0.113816 
0.254902 0.352941 0.115385 
0.27451 0.352941 0.116931 
0.294118 0.352941 0.118451 
0.313725 0.352941 0.119944 
0.333333 0.352941 0.121407 
0.352941 0.352941 0.122839 
0.372549 0.352941 0.124236 
0.392157 0.352941 0.125596 
0.411765 0.352941 0.126919 
0.431373 0.352941 0.128199 
0.45098 0.352941 0.129437 
0.470588 0.352941 0.130628 
0.490196 0.352941 0.13177 
0.509804 0.352941 0.13286 
0.529412 0.352941 0.133896 
0.54902 0.352941 0.134874 
0.568627 0.352941 0.135792 
0.588235 0.352941 0.136648 
0.607843 0.352941 0.137436 
0.627451 0.352941 0.138155 
0.647059 0.352941 0.138802 
0.666667 0.352941 0.139374 
0.686275 0.352941 0.139867 
0.705882 0.352941 0.140279 
0.72549 0.352941 0.140607 
0.745098 0.352941 0.14085 
0.764706 0.352941 0.141004 
0.784314 0.352941 0.141069 
0.803922 0.352941 0.141044 
0.823529 0.352941 0.140929 
0.843137 0.352941 0.140725 
0.862745 0.352941 0.140434 
0.882353 0.352941 0.14006 
0.901961 0.352941 0.139607 
0.921569 0.352941 0.139081 
0.941176 0.352941 0.138489 
0.960784 0.352941 0.13784 
0.980392 0.352941 0.137143 
0.0196078 0.372549 0.0948396 
0.0392157 0.372549 0.0965371 
0.0588235 0.372549 0.098231 
0.0784314 0.372549 0.0999198 
0.0980392 0.372549 0.101602 
0.117647 0.372549 0.103275 
0.137255 0.372549 0.104937 
0.156863 0.372549 0.106587 
0.176471 0.372549 0.108223 
0.196078 0.372549 0.109842 
0.215686 0.372549 0.111444 
0.235294 0.372549 0.113026 
0.254902 0.372549 0.114586 
0.27451 0.372549 0.116123 
0.294118 0.372549 0.117633 
0.313725 0.372549 0.119116 
0.333333 0.372549 0.120569 
0.352941 0.372549 0.121989 
0.372549 0.372549 0.123375 
0.392157 0.372549 0.124724 
0.411765 0.372549 0.126035 
0.431373 0.372549 0.127303 
0.45098 0.372549 0.128528 
0.470588 0.372549 0.129706 
0.490196 0.372549 0.130835 
0.509804 0.372549 0.131912 
0.529412 0.372549 0.132934 
0.54902 0.372549 0.133899 
0.568627 0.372549 0.134804 
0.588235 0.372549 0.135646 
0.607843 0.372549 0.136422 
0.627451 0.372549 0.137129 
0.647059 0.372549 0.137765 
0.666667 0.372549 0.138327 
0.686275 0.372549 0.138813 
0.705882 0.372549 0.139219 
0.72549 0.372549 0.139543 
0.745098 0.372549 0.139785 
0.764706 0.372549 0.139942 
0.784314 0.372549 0.140014 
0.803922 0.372549 0.14 
0.823529 0.372549 0.1399 
0.843137 0.372549 0.139717 
0.862745 0.372549 0.139453 
0.882353 0.372549 0.13911 
0.901961 0.372549 0.138693 
0.921569 0.372549 0.138209 
0.941176 0.372549 0.137662 
0.960784 0.372549 0.137062 
0.980392 0.372549 0.136415 
0.0196078 0.392157 0.0941018 
0.0392157 0.392157 0.095793 
0.0588235 0.392157 0.0974807 
0.0784314 0.392157 0.099163 
0.0980392 0.392157 0.100838 
0.117647 0.392157 0.102505 
0.137255 0.392157 0.104161 
0.156863 0.392157 0.105804 
0.176471 0.392157 0.107432 
0.196078 0.392157 0.109045 
0.215686 0.392157 0.110639 
0.235294 0.392157 0.112214 
0.254902 0.392157 0.113766 
0.27451 0.392157 0.115294 
0.294118 0.392157 0.116797 
0.313725 0.392157 0.118271 
0.333333 0.392157 0.119714 
0.352941 0.392157 0.121125 
0.372549 0.392157 0.122502 
0.392157 0.392157 0.123841 
0.411765 0.392157 0.125141 
0.431373 0.392157 0.126399 
0.45098 0.392157 0.127613 
0.470588 0.392157 0.12878 
0.490196 0.392157 0.129898 
0.509804 0.392157 0.130963 
0.529412 0.392157 0.131974 
0.54902 0.392157 0.132928 
0.568627 0.392157 0.133822 
0.588235 0.392157 0.134653 
0.607843 0.392157 0.135419 
0.627451 0.392157 0.136116 
0.647059 0.392157 0.136744 
0.666667 0.392157 0.137298 
0.686275 0.392157 0.137777 
0.705882 0.392157 0.138179 
0.72549 0.392157 0.138501 
0.745098 0.392157 0.138743 
0.764706 0.392157 0.138903 
0.784314 0.392157 0.138981 
0.803922 0.392157 0.138977 
0.823529 0.392157 0.138892 
0.843137 0.392157 0.138727 
0.862745 0.392157 0.138485 
0.882353 0.392157 0.138168 
0.901961 0.392157 0.137783 
0.921569 0.392157 0.137332 
0.941176 0.392157 0.136823 
0.960784 0.392157 0.136263 
0.980392 0.392157 0.135658 
0.0196078 0.411765 0.0933295 
0.0392157 0.411765 0.0950155 
0.0588235 0.411765 0.0966979 
0.0784314 0.411765 0.0983749 
0.0980392 0.411765 0.100045 
0.117647 0.411765 0.101706 
0.137255 0.411765 0.103356 
0.156863 0.411765 0.104993 
0.176471 0.411765 0.106616 
0.196078 0.411765 0.108223 
0.215686 0.411765 0.109811 
0.235294 0.411765 0.111379 
0.254902 0.411765 0.112925 
0.27451 0.411765 0.114446 
0.294118 0.411765 0.115941 
0.313725 0.411765 0.117408 
0.333333 0.411765 0.118844 
0.352941 0.411765 0.120247 
0.372549 0.411765 0.121616 
0.392157 0.411765 0.122947 
0.411765 0.411765 0.124238 
0.431373 0.411765 0.125488 
0.45098 0.411765 0.126692 
0.470588 0.411765 0.12785 
0.490196 0.411765 0.128959 
0.509804 0.411765 0.130015 
0.529412 0.411765 0.131017 
0.54902 0.411765 0.131961 
0.568627 0.411765 0.132846 
0.588235 0.411765 0.133669 
0.607843 0.411765 0.134426 
0.627451 0.411765 0.135116 
0.647059 0.411765 0.135736 
0.666667 0.411765 0.136285 
0.686275 0.411765 0.136759 
0.705882 0.411765 0.137157 
0.72549 0.411765 0.137478 
0.745098 0.411765 0.137721 
0.764706 0.411765 0.137884 
0.784314 0.411765 0.137968 
0.803922 0.411765 0.137972 
0.823529 0.411765 0.137899 
0.843137 0.411765 0.137749 
0.862745 0.411765 0.137526 
0.882353 0.411765 0.137231 
0.901961 0.411765 0.136871 
0.921569 0.411765 0.136448 
0.941176 0.411765 0.13597 
0.960784 0.411765 0.135441 
0.980392 0.411765 0.134869 
0.0196078 0.431373 0.0925229 
0.0392157 0.431373 0.0942047 
0.0588235 0.431373 0.0958829 
0.0784314 0.431373 0.0975556 
0.0980392 0.431373 0.0992211 
0.117647 0.431373 0.100878 
0.137255 0.431373 0.102523 
0.156863 0.431373 0.104156 
0.176471 0.431373 0.105774 
0.196078 0.431373 0.107376 
0.215686 0.431373 0.108959 
0.235294 0.431373 0.110522 
0.254902 0.431373 0.112062 
0.27451 0.431373 0.113578 
0.294118 0.431373 0.115068 
0.313725 0.431373 0.116529 
0.333333 0.431373 0.117959 
0.352941 0.431373 0.119356 
0.372549 0.431373 0.120718 
0.392157 0.431373 0.122042 
0.411765 0.431373 0.123327 
0.431373 0.431373 0.124569 
0.45098 0.431373 0.125767 
0.470588 0.431373 0.126918 
0.490196 0.431373 0.128019 
0.509804 0.431373 0.129068 
0.529412 0.431373 0.130062 
0.54902 0.431373 0.131 
0.568627 0.431373 0.131877 
0.588235 0.431373 0.132693 
0.607843 0.431373 0.133443 
0.627451 0.431373 0.134127 
0.647059 0.431373 0.134742 
0.666667 0.431373 0.135286 
0.686275 0.431373 0.135757 
0.705882 0.431373 0.136153 
0.72549 0.431373 0.136473 
0.745098 0.431373 0.136717 
0.764706 0.431373 0.136883 
0.784314 0.431373 0.136971 
0.803922 0.431373 0.136983 
0.823529 0.431373 0.136919 
0.843137 0.431373 0.136782 
0.862745 0.431373 0.136573 
0.882353 0.431373 0.136296 
0.901961 0.431373 0.135955 
0.921569 0.431373 0.135554 
0.941176 0.431373 0.1351 
0.960784 0.431373 0.134596 
0.980392 0.431373 0.13405 
0.0196078 0.45098 0.0916825 
0.0392157 0.45098 0.0933612 
0.0588235 0.45098 0.095036 
0.0784314 0.45098 0.0967056 
0.0980392 0.45098 0.0983678 
0.117647 0.45098 0.100021 
0.137255 0.45098 0.101663 
0.156863 0.45098 0.103292 
0.176471 0.45098 0.104907 
0.196078 0.45098 0.106505 
0.215686 0.45098 0.108085 
0.235294 0.45098 0.109643 
0.254902 0.45098 0.11118 
0.27451 0.45098 0.112692 
0.294118 0.45098 0.114177 
0.313725 0.45098 0.115634 
0.333333 0.45098 0.117059 
0.352941 0.45098 0.118452 
0.372549 0.45098 0.119809 
0.392157 0.45098 0.121128 
0.411765 0.45098 0.122408 
0.431373 0.45098 0.123645 
0.45098 0.45098 0.124837 
0.470588 0.45098 0.125983 
0.490196 0.45098 0.127078 
0.509804 0.45098 0.128122 
0.529412 0.45098 0.129111 
0.54902 0.45098 0.130042 
0.568627 0.45098 0.130915 
0.588235 0.45098 0.131725 
0.607843 0.45098 0.132471 
0.627451 0.45098 0.133151 
0.647059 0.45098 0.133762 
0.666667 0.45098 0.134302 
0.686275 0.45098 0.13477 
0.705882 0.45098 0.135165 
0.72549 0.45098 0.135485 
0.745098 0.45098 0.135729 
0.764706 0.45098 0.135897 
0.784314 0.45098 0.135989 
0.803922 0.45098 0.136007 
0.823529 0.45098 0.13595 
0.843137 0.45098 0.135822 
0.862745 0.45098 0.135624 
0.882353 0.45098 0.13536 
0.901961 0.45098 0.135034 
0.921569 0.45098 0.134649 
0.941176 0.45098 0.134212 
0.960784 0.45098 0.133727 
0.980392 0.45098 0.1332 
0.0196078 0.470588 0.0908086 
0.0392157 0.470588 0.092485 
0.0588235 0.470588 0.0941578 
0.0784314 0.470588 0.0958251 
0.0980392 0.470588 0.0974852 
0.117647 0.470588 0.0991361 
0.137255 0.470588 0.100776 
0.156863 0.470588 0.102403 
0.176471 0.470588 0.104015 
0.196078 0.470588 0.105611 
0.215686 0.470588 0.107188 
0.235294 0.470588 0.108744 
0.254902 0.470588 0.110278 
0.27451 0.470588 0.111787 
0.294118 0.470588 0.113269 
0.313725 0.470588 0.114723 
0.333333 0.470588 0.116146 
0.352941 0.470588 0.117535 
0.372549 0.470588 0.118889 
0.392157 0.470588 0.120205 
0.411765 0.470588 0.121481 
0.431373 0.470588 0.122715 
0.45098 0.470588 0.123904 
0.470588 0.470588 0.125045 
0.490196 0.470588 0.126137 
0.509804 0.470588 0.127177 
0.529412 0.470588 0.128162 
0.54902 0.470588 0.12909 
0.568627 0.470588 0.129959 
0.588235 0.470588 0.130766 
0.607843 0.470588 0.131509 
0.627451 0.470588 0.132185 
0.647059 0.470588 0.132794 
0.666667 0.470588 0.133332 
0.686275 0.470588 0.133798 
0.705882 0.470588 0.134192 
0.72549 0.470588 0.134511 
0.745098 0.470588 0.134756 
0.764706 0.470588 0.134926 
0.784314 0.470588 0.135021 
0.803922 0.470588 0.135042 
0.823529 0.470588 0.13499 
0.843137 0.470588 0.134868 
0.862745 0.470588 0.134678 
0.882353 0.470588 0.134422 
0.901961 0.470588 0.134106 
0.921569 0.470588 0.133732 
0.941176 0.470588 0.133306 
0.960784 0.470588 0.132834 
0.980392 0.470588 0.13232 
0.0196078 0.490196 0.0899014 
0.0392157 0.490196 0.0915768 
0.0588235 0.490196 0.0932484 
0.0784314 0.490196 0.0949147 
0.0980392 0.490196 0.0965736 
0.117647 0.490196 0.0982235 
0.137255 0.490196 0.0998622 
0.156863 0.490196 0.101488 
0.176471 0.490196 0.103099 
0.196078 0.490196 0.104693 
0.215686 0.490196 0.106269 
0.235294 0.490196 0.107824 
0.254902 0.490196 0.109356 
0.27451 0.490196 0.110864 
0.294118 0.490196 0.112345 
0.313725 0.490196 0.113797 
0.333333 0.490196 0.115218 
0.352941 0.490196 0.116606 
0.372549 0.490196 0.117958 
0.392157 0.490196 0.119273 
0.411765 0.490196 0.120547 
0.431373 0.490196 0.121779 
0.45098 0.490196 0.122966 
0.470588 0.490196 0.124106 
0.490196 0.490196 0.125196 
0.509804 0.490196 0.126234 
0.529412 0.490196 0.127217 
0.54902 0.490196 0.128143 
0.568627 0.490196 0.12901 
0.588235 0.490196 0.129815 
0.607843 0.490196 0.130556 
0.627451 0.490196 0.131231 
0.647059 0.490196 0.131838 
0.666667 0.490196 0.132375 
0.686275 0.490196 0.132841 
0.705882 0.490196 0.133234 
0.72549 0.490196 0.133553 
0.745098 0.490196 0.133798 
0.764706 0.490196 0.133968 
0.784314 0.490196 0.134065 
0.803922 0.490196 0.134088 
0.823529 0.490196 0.134038 
0.843137 0.490196 0.133919 
0.862745 0.490196 0.133733 
0.882353 0.490196 0.133482 
0.901961 0.490196 0.13317 
0.921569 0.490196 0.132802 
0.941176 0.490196 0.132382 
0.960784 0.490196 0.131916 
0.980392 0.490196 0.131409 
0.0196078 0.509804 0.0889613 
0.0392157 0.509804 0.0906367 
0.0588235 0.509804 0.0923084 
0.0784314 0.509804 0.0939746 
0.0980392 0.509804 0.0956335 
0.117647 0.509804 0.0972833 
0.137255 0.509804 0.0989221 
0.156863 0.509804 0.100548 
0.176471 0.509804 0.102159 
0.196078 0.509804 0.103753 
0.215686 0.509804 0.105329 
0.235294 0.509804 0.106884 
0.254902 0.509804 0.108416 
0.27451 0.509804 0.109924 
0.294118 0.509804 0.111405 
0.313725 0.509804 0.112857 
0.333333 0.509804 0.114278 
0.352941 0.509804 0.115666 
0.372549 0.509804 0.117018 
0.392157 0.509804 0.118332 
0.411765 0.509804 0.119606 
0.431373 0.509804 0.120838 
0.45098 0.509804 0.122025 
0.470588 0.509804 0.123165 
0.490196 0.509804 0.124255 
0.509804 0.509804 0.125293 
0.529412 0.509804 0.126276 
0.54902 0.509804 0.127202 
0.568627 0.509804 0.128068 
0.588235 0.509804 0.128873 
0.607843 0.509804 0.129614 
0.627451 0.509804 0.130289 
0.647059 0.509804 0.130896 
0.666667 0.509804 0.131433 
0.686275 0.509804 0.131898 
0.705882 0.509804 0.132291 
0.72549 0.509804 0.13261 
0.745098 0.509804 0.132855 
0.764706 0.509804 0.133025 
0.784314 0.509804 0.133121 
0.803922 0.509804 0.133144 
0.823529 0.509804 0.133095 
0.843137 0.509804 0.132975 
0.862745 0.509804 0.132789 
0.882353 0.509804 0.132538 
0.901961 0.509804 0.132227 
0.921569 0.509804 0.131859 
0.941176 0.509804 0.13144 
0.960784 0.509804 0.130974 
0.980392 0.509804 0.130467 
0.0196078 0.529412 0.0879888 
0.0392157 0.529412 0.0896652 
0.0588235 0.529412 0.0913379 
0.0784314 0.529412 0.0930052 
0.0980392 0.529412 0.0946652 
0.117647 0.529412 0.0963161 
0.137255 0.529412 0.097956 
0.156863 0.529412 0.0995829 
0.176471 0.529412 0.101195 
0.196078 0.529412 0.102791 
0.215686 0.529412 0.104367 
0.235294 0.529412 0.105924 
0.254902 0.529412 0.107457 
0.27451 0.529412 0.108966 
0.294118 0.529412 0.110449 
0.313725 0.529412 0.111902 
0.333333 0.529412 0.113325 
0.352941 0.529412 0.114714 
0.372549 0.529412 0.116067 
0.392157 0.529412 0.117383 
0.411765 0.529412 0.118659 
0.431373 0.529412 0.119892 
0.45098 0.529412 0.121081 
0.470588 0.529412 0.122222 
0.490196 0.529412 0.123314 
0.509804 0.529412 0.124353 
0.529412 0.529412 0.125338 
0.54902 0.529412 0.126266 
0.568627 0.529412 0.127134 
0.588235 0.529412 0.12794 
0.607843 0.529412 0.128682 
0.627451 0.529412 0.129358 
0.647059 0.529412 0.129966 
0.666667 0.529412 0.130504 
0.686275 0.529412 0.13097 
0.705882 0.529412 0.131363 
0.72549 0.529412 0.131682 
0.745098 0.529412 0.131926 
0.764706 0.529412 0.132095 
0.784314 0.529412 0.13219 
0.803922 0.529412 0.132211 
0.823529 0.529412 0.132159 
0.843137 0.529412 0.132037 
0.862745 0.529412 0.131847 
0.882353 0.529412 0.131592 
0.901961 0.529412 0.131276 
0.921569 0.529412 0.130904 
0.941176 0.529412 0.130479 
0.960784 0.529412 0.130008 
0.980392 0.529412 0.129495 
0.0196078 0.54902 0.0869841 
0.0392157 0.54902 0.0886626 
0.0588235 0.54902 0.0903375 
0.0784314 0.54902 0.0920069 
0.0980392 0.54902 0.0936691 
0.117647 0.54902 0.0953222 
0.137255 0.54902 0.0969643 
0.156863 0.54902 0.0985935 
0.176471 0.54902 0.100208 
0.196078 0.54902 0.101806 
0.215686 0.54902 0.103385 
0.235294 0.54902 0.104944 
0.254902 0.54902 0.10648 
0.27451 0.54902 0.107992 
0.294118 0.54902 0.109477 
0.313725 0.54902 0.110933 
0.333333 0.54902 0.112359 
0.352941 0.54902 0.113751 
0.372549 0.54902 0.115108 
0.392157 0.54902 0.116427 
0.411765 0.54902 0.117706 
0.431373 0.54902 0.118942 
0.45098 0.54902 0.120134 
0.470588 0.54902 0.121279 
0.490196 0.54902 0.122374 
0.509804 0.54902 0.123417 
0.529412 0.54902 0.124405 
0.54902 0.54902 0.125336 
0.568627 0.54902 0.126207 
0.588235 0.54902 0.127017 
0.607843 0.54902 0.127762 
0.627451 0.54902 0.12844 
0.647059 0.54902 0.12905 
0.666667 0.54902 0.12959 
0.686275 0.54902 0.130057 
0.705882 0.54902 0.130451 
0.72549 0.54902 0.13077 
0.745098 0.54902 0.131013 
0.764706 0.54902 0.13118 
0.784314 0.54902 0.131272 
0.803922 0.54902 0.131289 
0.823529 0.54902 0.131233 
0.843137 0.54902 0.131104 
0.862745 0.54902 0.130907 
0.882353 0.54902 0.130644 
0.901961 0.54902 0.130319 
0.921569 0.54902 0.129936 
0.941176 0.54902 0.129501 
0.960784 0.54902 0.129018 
0.980392 0.54902 0.128494 
0.0196078 0.568627 0.0859476 
0.0392157 0.568627 0.0876293 
0.0588235 0.568627 0.0893074 
0.0784314 0.568627 0.09098 
0.0980392 0.568627 0.0926455 
0.117647 0.568627 0.0943019 
0.137255 0.568627 0.0959474 
0.156863 0.568627 0.0975801 
0.176471 0.568627 0.0991981 
0.196078 0.568627 0.1008 
0.215686 0.568627 0.102383 
0.235294 0.568627 0.103945 
0.254902 0.568627 0.105485 
0.27451 0.568627 0.107001 
0.294118 0.568627 0.10849 
0.313725 0.568627 0.109951 
0.333333 0.568627 0.111381 
0.352941 0.568627 0.112777 
0.372549 0.568627 0.114139 
0.392157 0.568627 0.115463 
0.411765 0.568627 0.116747 
0.431373 0.568627 0.117988 
0.45098 0.568627 0.119185 
0.470588 0.568627 0.120335 
0.490196 0.568627 0.121436 
0.509804 0.568627 0.122484 
0.529412 0.568627 0.123477 
0.54902 0.568627 0.124413 
0.568627 0.568627 0.125289 
0.588235 0.568627 0.126104 
0.607843 0.568627 0.126853 
0.627451 0.568627 0.127536 
0.647059 0.568627 0.128149 
0.666667 0.568627 0.128692 
0.686275 0.568627 0.129161 
0.705882 0.568627 0.129556 
0.72549 0.568627 0.129875 
0.745098 0.568627 0.130117 
0.764706 0.568627 0.130282 
0.784314 0.568627 0.130369 
0.803922 0.568627 0.130381 
0.823529 0.568627 0.130317 
0.843137 0.568627 0.130179 
0.862745 0.568627 0.129971 
0.882353 0.568627 0.129696 
0.901961 0.568627 0.129356 
0.921569 0.568627 0.128958 
0.941176 0.568627 0.128506 
0.960784 0.568627 0.128006 
0.980392 0.568627 0.127464 
0.0196078 0.588235 0.0848798 
0.0392157 0.588235 0.0865657 
0.0588235 0.588235 0.088248 
0.0784314 0.588235 0.0899249 
0.0980392 0.588235 0.0915947 
0.117647 0.588235 0.0932555 
0.137255 0.588235 0.0949055 
0.156863 0.588235 0.0965427 
0.176471 0.588235 0.0981655 
0.196078 0.588235 0.0997718 
0.215686 0.588235 0.10136 
0.235294 0.588235 0.102927 
0.254902 0.588235 0.104473 
0.27451 0.588235 0.105994 
0.294118 0.588235 0.107489 
0.313725 0.588235 0.108955 
0.333333 0.588235 0.110391 
0.352941 0.588235 0.111793 
0.372549 0.588235 0.113161 
0.392157 0.588235 0.114492 
0.411765 0.588235 0.115782 
0.431373 0.588235 0.117031 
0.45098 0.588235 0.118235 
0.470588 0.588235 0.119392 
0.490196 0.588235 0.120499 
0.509804 0.588235 0.121554 
0.529412 0.588235 0.122555 
0.54902 0.588235 0.123498 
0.568627 0.588235 0.124381 
0.588235 0.588235 0.125202 
0.607843 0.588235 0.125957 
0.627451 0.588235 0.126646 
0.647059 0.588235 0.127264 
0.666667 0.588235 0.12781 
0.686275 0.588235 0.128283 
0.705882 0.588235 0.128679 
0.72549 0.588235 0.128998 
0.745098 0.588235 0.129239 
0.764706 0.588235 0.129401 
0.784314 0.588235 0.129484 
0.803922 0.588235 0.129487 
0.823529 0.588235 0.129414 
0.843137 0.588235 0.129264 
0.862745 0.588235 0.129041 
0.882353 0.588235 0.128749 
0.901961 0.588235 0.12839 
0.921569 0.588235 0.127971 
0.941176 0.588235 0.127496 
0.960784 0.588235 0.126972 
0.980392 0.588235 0.126405 
0.0196078 0.607843 0.0837811 
0.0392157 0.607843 0.0854722 
0.0588235 0.607843 0.0871597 
0.0784314 0.607843 0.0888419 
0.0980392 0.607843 0.0905171 
0.117647 0.607843 0.0921834 
0.137255 0.607843 0.093839 
0.156863 0.607843 0.095482 
0.176471 0.607843 0.0971105 
0.196078 0.607843 0.0987228 
0.215686 0.607843 0.100317 
0.235294 0.607843 0.101891 
0.254902 0.607843 0.103443 
0.27451 0.607843 0.104971 
0.294118 0.607843 0.106472 
0.313725 0.607843 0.107946 
0.333333 0.607843 0.109389 
0.352941 0.607843 0.110799 
0.372549 0.607843 0.112175 
0.392157 0.607843 0.113513 
0.411765 0.607843 0.114813 
0.431373 0.607843 0.11607 
0.45098 0.607843 0.117282 
0.470588 0.607843 0.118448 
0.490196 0.607843 0.119565 
0.509804 0.607843 0.120629 
0.529412 0.607843 0.121638 
0.54902 0.607843 0.12259 
0.568627 0.607843 0.123482 
0.588235 0.607843 0.124311 
0.607843 0.607843 0.125075 
0.627451 0.607843 0.12577 
0.647059 0.607843 0.126395 
0.666667 0.607843 0.126947 
0.686275 0.607843 0.127424 
0.705882 0.607843 0.127823 
0.72549 0.607843 0.128143 
0.745098 0.607843 0.128383 
0.764706 0.607843 0.128541 
0.784314 0.607843 0.128617 
0.803922 0.607843 0.128612 
0.823529 0.607843 0.128526 
0.843137 0.607843 0.128361 
0.862745 0.607843 0.12812 
0.882353 0.607843 0.127806 
0.901961 0.607843 0.127423 
0.921569 0.607843 0.126976 
0.941176 0.607843 0.126472 
0.960784 0.607843 0.125917 
0.980392 0.607843 0.125318 
0.0196078 0.627451 0.0826518 
0.0392157 0.627451 0.0843491 
0.0588235 0.627451 0.0860429 
0.0784314 0.627451 0.0877315 
0.0980392 0.627451 0.0894131 
0.117647 0.627451 0.091086 
0.137255 0.627451 0.0927482 
0.156863 0.627451 0.094398 
0.176471 0.627451 0.0960335 
0.196078 0.627451 0.0976529 
0.215686 0.627451 0.0992544 
0.235294 0.627451 0.100836 
0.254902 0.627451 0.102396 
0.27451 0.627451 0.103932 
0.294118 0.627451 0.105442 
0.313725 0.627451 0.106924 
0.333333 0.627451 0.108376 
0.352941 0.627451 0.109795 
0.372549 0.627451 0.11118 
0.392157 0.627451 0.112529 
0.411765 0.627451 0.113838 
0.431373 0.627451 0.115105 
0.45098 0.627451 0.116329 
0.470588 0.627451 0.117505 
0.490196 0.627451 0.118632 
0.509804 0.627451 0.119708 
0.529412 0.627451 0.120728 
0.54902 0.627451 0.121691 
0.568627 0.627451 0.122594 
0.588235 0.627451 0.123434 
0.607843 0.627451 0.124207 
0.627451 0.627451 0.124912 
0.647059 0.627451 0.125545 
0.666667 0.627451 0.126104 
0.686275 0.627451 0.126586 
0.705882 0.627451 0.126989 
0.72549 0.627451 0.127311 
0.745098 0.627451 0.12755 
0.764706 0.627451 0.127704 
0.784314 0.627451 0.127774 
0.803922 0.627451 0.127758 
0.823529 0.627451 0.127658 
0.843137 0.627451 0.127475 
0.862745 0.627451 0.127211 
0.882353 0.627451 0.12687 
0.901961 0.627451 0.126457 
0.921569 0.627451 0.125977 
0.941176 0.627451 0.125436 
0.960784 0.627451 0.124843 
0.980392 0.627451 0.124204 
0.0196078 0.647059 0.0814924 
0.0392157 0.647059 0.0831969 
0.0588235 0.647059 0.084898 
0.0784314 0.647059 0.086594 
0.0980392 0.647059 0.088283 
0.117647 0.647059 0.0899634 
0.137255 0.647059 0.0916334 
0.156863 0.647059 0.093291 
0.176471 0.647059 0.0949346 
0.196078 0.647059 0.0965624 
0.215686 0.647059 0.0981723 
0.235294 0.647059 0.0997628 
0.254902 0.647059 0.101332 
0.27451 0.647059 0.102877 
0.294118 0.647059 0.104397 
0.313725 0.647059 0.105889 
0.333333 0.647059 0.107351 
0.352941 0.647059 0.108782 
0.372549 0.647059 0.110178 
0.392157 0.647059 0.111537 
0.411765 0.647059 0.112858 
0.431373 0.647059 0.114138 
0.45098 0.647059 0.115374 
0.470588 0.647059 0.116563 
0.490196 0.647059 0.117703 
0.509804 0.647059 0.118791 
0.529412 0.647059 0.119825 
0.54902 0.647059 0.120801 
0.568627 0.647059 0.121717 
0.588235 0.647059 0.122569 
0.607843 0.647059 0.123355 
0.627451 0.647059 0.124071 
0.647059 0.647059 0.124715 
0.666667 0.647059 0.125283 
0.686275 0.647059 0.125772 
0.705882 0.647059 0.126181 
0.72549 0.647059 0.126505 
0.745098 0.647059 0.126744 
0.764706 0.647059 0.126895 
0.784314 0.647059 0.126957 
0.803922 0.647059 0.12693 
0.823529 0.647059 0.126813 
0.843137 0.647059 0.126609 
0.862745 0.647059 0.126319 
0.882353 0.647059 0.125947 
0.901961 0.647059 0.125497 
0.921569 0.647059 0.124976 
0.941176 0.647059 0.124392 
0.960784 0.647059 0.123751 
0.980392 0.647059 0.123063 
0.0196078 0.666667 0.0803032 
0.0392157 0.666667 0.082016 
0.0588235 0.666667 0.0837253 
0.0784314 0.666667 0.0854296 
0.0980392 0.666667 0.0871271 
0.117647 0.666667 0.0888161 
0.137255 0.666667 0.0904948 
0.156863 0.666667 0.0921614 
0.176471 0.666667 0.0938142 
0.196078 0.666667 0.0954514 
0.215686 0.666667 0.097071 
0.235294 0.666667 0.0986714 
0.254902 0.666667 0.100251 
0.27451 0.666667 0.101807 
0.294118 0.666667 0.103337 
0.313725 0.666667 0.104841 
0.333333 0.666667 0.106315 
0.352941 0.666667 0.107758 
0.372549 0.666667 0.109167 
0.392157 0.666667 0.11054 
0.411765 0.666667 0.111874 
0.431373 0.666667 0.113168 
0.45098 0.666667 0.114418 
0.470588 0.666667 0.115622 
0.490196 0.666667 0.116777 
0.509804 0.666667 0.117881 
0.529412 0.666667 0.11893 
0.54902 0.666667 0.119921 
0.568627 0.666667 0.120852 
0.588235 0.666667 0.12172 
0.607843 0.666667 0.12252 
0.627451 0.666667 0.12325 
0.647059 0.666667 0.123906 
0.666667 0.666667 0.124486 
0.686275 0.666667 0.124985 
0.705882 0.666667 0.1254 
0.72549 0.666667 0.125729 
0.745098 0.666667 0.125969 
0.764706 0.666667 0.126117 
0.784314 0.666667 0.126172 
0.803922 0.666667 0.126132 
0.823529 0.666667 0.125998 
0.843137 0.666667 0.125769 
0.862745 0.666667 0.125449 
0.882353 0.666667 0.12504 
0.901961 0.666667 0.124548 
0.921569 0.666667 0.123979 
0.941176 0.666667 0.123341 
0.960784 0.666667 0.122644 
0.980392 0.666667 0.121897 
0.0196078 0.686275 0.0790848 
0.0392157 0.686275 0.0808067 
0.0588235 0.686275 0.0825252 
0.0784314 0.686275 0.0842388 
0.0980392 0.686275 0.0859458 
0.117647 0.686275 0.0876443 
0.137255 0.686275 0.0893328 
0.156863 0.686275 0.0910093 
0.176471 0.686275 0.0926724 
0.196078 0.686275 0.0943201 
0.215686 0.686275 0.0959506 
0.235294 0.686275 0.0975621 
0.254902 0.686275 0.0991529 
0.27451 0.686275 0.100721 
0.294118 0.686275 0.102264 
0.313725 0.686275 0.103781 
0.333333 0.686275 0.105268 
0.352941 0.686275 0.106725 
0.372549 0.686275 0.108148 
0.392157 0.686275 0.109535 
0.411765 0.686275 0.110885 
0.431373 0.686275 0.112195 
0.45098 0.686275 0.113461 
0.470588 0.686275 0.114682 
0.490196 0.686275 0.115854 
0.509804 0.686275 0.116975 
0.529412 0.686275 0.118042 
0.54902 0.686275 0.119052 
0.568627 0.686275 0.120001 
0.588235 0.686275 0.120886 
0.607843 0.686275 0.121703 
0.627451 0.686275 0.12245 
0.647059 0.686275 0.123122 
0.666667 0.686275 0.123715 
0.686275 0.686275 0.124226 
0.705882 0.686275 0.124651 
0.72549 0.686275 0.124987 
0.745098 0.686275 0.125229 
0.764706 0.686275 0.125376 
0.784314 0.686275 0.125424 
0.803922 0.686275 0.125371 
0.823529 0.686275 0.125217 
0.843137 0.686275 0.124962 
0.862745 0.686275 0.124608 
0.882353 0.686275 0.124157 
0.901961 0.686275 0.123615 
0.921569 0.686275 0.122989 
0.941176 0.686275 0.122288 
0.960784 0.686275 0.121524 
0.980392 0.686275 0.120707 
0.0196078 0.705882 0.0778375 
0.0392157 0.705882 0.0795695 
0.0588235 0.705882 0.0812981 
0.0784314 0.705882 0.0830219 
0.0980392 0.705882 0.0847392 
0.117647 0.705882 0.0864483 
0.137255 0.705882 0.0881475 
0.156863 0.705882 0.089835 
0.176471 0.705882 0.0915094 
0.196078 0.705882 0.0931687 
0.215686 0.705882 0.0948111 
0.235294 0.705882 0.096435 
0.254902 0.705882 0.0980385 
0.27451 0.705882 0.0996197 
0.294118 0.705882 0.101177 
0.313725 0.705882 0.102707 
0.333333 0.705882 0.10421 
0.352941 0.705882 0.105681 
0.372549 0.705882 0.10712 
0.392157 0.705882 0.108525 
0.411765 0.705882 0.109892 
0.431373 0.705882 0.111219 
0.45098 0.705882 0.112503 
0.470588 0.705882 0.113743 
0.490196 0.705882 0.114935 
0.509804 0.705882 0.116076 
0.529412 0.705882 0.117163 
0.54902 0.705882 0.118193 
0.568627 0.705882 0.119162 
0.588235 0.705882 0.120068 
0.607843 0.705882 0.120906 
0.627451 0.705882 0.121672 
0.647059 0.705882 0.122362 
0.666667 0.705882 0.122973 
0.686275 0.705882 0.123499 
0.705882 0.705882 0.123937 
0.72549 0.705882 0.124282 
0.745098 0.705882 0.12453 
0.764706 0.705882 0.124677 
0.784314 0.705882 0.124719 
0.803922 0.705882 0.124655 
0.823529 0.705882 0.124481 
0.843137 0.705882 0.124197 
0.862745 0.705882 0.123804 
0.882353 0.705882 0.123305 
0.901961 0.705882 0.122706 
0.921569 0.705882 0.122014 
0.941176 0.705882 0.121239 
0.960784 0.705882 0.120394 
0.980392 0.705882 0.119494 
0.0196078 0.72549 0.0765619 
0.0392157 0.72549 0.0783047 
0.0588235 0.72549 0.0800444 
0.0784314 0.72549 0.0817793 
0.0980392 0.72549 0.0835078 
0.117647 0.72549 0.0852284 
0.137255 0.72549 0.0869393 
0.156863 0.72549 0.0886388 
0.176471 0.72549 0.0903254 
0.196078 0.72549 0.0919973 
0.215686 0.72549 0.0936528 
0.235294 0.72549 0.0952901 
0.254902 0.72549 0.0969076 
0.27451 0.72549 0.0985032 
0.294118 0.72549 0.100075 
0.313725 0.72549 0.101621 
0.333333 0.72549 0.10314 
0.352941 0.72549 0.104628 
0.372549 0.72549 0.106085 
0.392157 0.72549 0.107507 
0.411765 0.72549 0.108893 
0.431373 0.72549 0.11024 
0.45098 0.72549 0.111545 
0.470588 0.72549 0.112805 
0.490196 0.72549 0.114019 
0.509804 0.72549 0.115182 
0.529412 0.72549 0.116292 
0.54902 0.72549 0.117345 
0.568627 0.72549 0.118338 
0.588235 0.72549 0.119267 
0.607843 0.72549 0.120129 
0.627451 0.72549 0.120918 
0.647059 0.72549 0.12163 
0.666667 0.72549 0.122262 
0.686275 0.72549 0.122807 
0.705882 0.72549 0.123261 
0.72549 0.72549 0.12362 
0.745098 0.72549 0.123876 
0.764706 0.72549 0.124027 
0.784314 0.72549 0.124066 
0.803922 0.72549 0.12399 
0.823529 0.72549 0.123796 
0.843137 0.72549 0.123482 
0.862745 0.72549 0.123048 
0.882353 0.72549 0.122495 
0.901961 0.72549 0.121831 
0.921569 0.72549 0.121062 
0.941176 0.72549 0.1202 
0.960784 0.72549 0.11926 
0.980392 0.72549 0.118259 
0.0196078 0.745098 0.0752583 
0.0392157 0.745098 0.0770129 
0.0588235 0.745098 0.0787644 
0.0784314 0.745098 0.0805112 
0.0980392 0.745098 0.0822519 
0.117647 0.745098 0.0839848 
0.137255 0.745098 0.0857083 
0.156863 0.745098 0.0874207 
0.176471 0.745098 0.0891205 
0.196078 0.745098 0.0908061 
0.215686 0.745098 0.0924756 
0.235294 0.745098 0.0941275 
0.254902 0.745098 0.09576 
0.27451 0.745098 0.0973712 
0.294118 0.745098 0.0989593 
0.313725 0.745098 0.100522 
0.333333 0.745098 0.102058 
0.352941 0.745098 0.103565 
0.372549 0.745098 0.105041 
0.392157 0.745098 0.106483 
0.411765 0.745098 0.107889 
0.431373 0.745098 0.109257 
0.45098 0.745098 0.110585 
0.470588 0.745098 0.111868 
0.490196 0.745098 0.113106 
0.509804 0.745098 0.114294 
0.529412 0.745098 0.115429 
0.54902 0.745098 0.116509 
0.568627 0.745098 0.117529 
0.588235 0.745098 0.118485 
0.607843 0.745098 0.119373 
0.627451 0.745098 0.120189 
0.647059 0.745098 0.120928 
0.666667 0.745098 0.121584 
0.686275 0.745098 0.122153 
0.705882 0.745098 0.122628 
0.72549 0.745098 0.123004 
0.745098 0.745098 0.123274 
0.764706 0.745098 0.123432 
0.784314 0.745098 0.123472 
0.803922 0.745098 0.123387 
0.823529 0.745098 0.123175 
0.843137 0.745098 0.12283 
0.862745 0.745098 0.122351 
0.882353 0.745098 0.12174 
0.901961 0.745098 0.121001 
0.921569 0.745098 0.120142 
0.941176 0.745098 0.119178 
0.960784 0.745098 0.118125 
0.980392 0.745098 0.117005 
0.0196078 0.764706 0.0739272 
0.0392157 0.764706 0.0756944 
0.0588235 0.764706 0.0774585 
0.0784314 0.764706 0.0792181 
0.0980392 0.764706 0.0809718 
0.117647 0.764706 0.0827178 
0.137255 0.764706 0.0844548 
0.156863 0.764706 0.086181 
0.176471 0.764706 0.0878949 
0.196078 0.764706 0.0895951 
0.215686 0.764706 0.0912797 
0.235294 0.764706 0.0929471 
0.254902 0.764706 0.0945957 
0.27451 0.764706 0.0962237 
0.294118 0.764706 0.0978292 
0.313725 0.764706 0.0994104 
0.333333 0.764706 0.100965 
0.352941 0.764706 0.102492 
0.372549 0.764706 0.103988 
0.392157 0.764706 0.105452 
0.411765 0.764706 0.10688 
0.431373 0.764706 0.108272 
0.45098 0.764706 0.109623 
0.470588 0.764706 0.110933 
0.490196 0.764706 0.112196 
0.509804 0.764706 0.113412 
0.529412 0.764706 0.114575 
0.54902 0.764706 0.115684 
0.568627 0.764706 0.116734 
0.588235 0.764706 0.11772 
0.607843 0.764706 0.118639 
0.627451 0.764706 0.119486 
0.647059 0.764706 0.120256 
0.666667 0.764706 0.120943 
0.686275 0.764706 0.12154 
0.705882 0.764706 0.122042 
0.72549 0.764706 0.122441 
0.745098 0.764706 0.12273 
0.764706 0.764706 0.122901 
0.784314 0.764706 0.122946 
0.803922 0.764706 0.122858 
0.823529 0.764706 0.122629 
0.843137 0.764706 0.122254 
0.862745 0.764706 0.12173 
0.882353 0.764706 0.121054 
0.901961 0.764706 0.120232 
0.921569 0.764706 0.119271 
0.941176 0.764706 0.118186 
0.960784 0.764706 0.116998 
0.980392 0.764706 0.115735 
0.0196078 0.784314 0.0725692 
0.0392157 0.784314 0.0743496 
0.0588235 0.784314 0.0761271 
0.0784314 0.784314 0.0779003 
0.0980392 0.784314 0.0796676 
0.117647 0.784314 0.0814277 
0.137255 0.784314 0.0831789 
0.156863 0.784314 0.0849197 
0.176471 0.784314 0.0866487 
0.196078 0.784314 0.0883643 
0.215686 0.784314 0.0900649 
0.235294 0.784314 0.0917489 
0.254902 0.784314 0.0934147 
0.27451 0.784314 0.0950605 
0.294118 0.784314 0.0966845 
0.313725 0.784314 0.098285 
0.333333 0.784314 0.0998601 
0.352941 0.784314 0.101408 
0.372549 0.784314 0.102926 
0.392157 0.784314 0.104413 
0.411765 0.784314 0.105865 
0.431373 0.784314 0.107282 
0.45098 0.784314 0.10866 
0.470588 0.784314 0.109997 
0.490196 0.784314 0.111289 
0.509804 0.784314 0.112534 
0.529412 0.784314 0.113729 
0.54902 0.784314 0.11487 
0.568627 0.784314 0.115953 
0.588235 0.784314 0.116974 
0.607843 0.784314 0.117928 
0.627451 0.784314 0.118811 
0.647059 0.784314 0.119616 
0.666667 0.784314 0.120339 
0.686275 0.784314 0.120971 
0.705882 0.784314 0.121505 
0.72549 0.784314 0.121934 
0.745098 0.784314 0.122249 
0.764706 0.784314 0.122441 
0.784314 0.784314 0.122498 
0.803922 0.784314 0.122413 
0.823529 0.784314 0.122174 
0.843137 0.784314 0.121772 
0.862745 0.784314 0.121202 
0.882353 0.784314 0.120458 
0.901961 0.784314 0.119543 
0.921569 0.784314 0.118464 
0.941176 0.784314 0.117237 
0.960784 0.784314 0.115888 
0.980392 0.784314 0.11445 
0.0196078 0.803922 0.0711847 
0.0392157 0.803922 0.0729791 
0.0588235 0.803922 0.0747706 
0.0784314 0.803922 0.0765581 
0.0980392 0.803922 0.0783399 
0.117647 0.803922 0.0801146 
0.137255 0.803922 0.0818809 
0.156863 0.803922 0.0836371 
0.176471 0.803922 0.085382 
0.196078 0.803922 0.0871139 
0.215686 0.803922 0.0888314 
0.235294 0.803922 0.0905328 
0.254902 0.803922 0.0922167 
0.27451 0.803922 0.0938814 
0.294118 0.803922 0.0955251 
0.313725 0.803922 0.0971461 
0.333333 0.803922 0.0987426 
0.352941 0.803922 0.100313 
0.372549 0.803922 0.101854 
0.392157 0.803922 0.103366 
0.411765 0.803922 0.104844 
0.431373 0.803922 0.106288 
0.45098 0.803922 0.107694 
0.470588 0.803922 0.10906 
0.490196 0.803922 0.110384 
0.509804 0.803922 0.111662 
0.529412 0.803922 0.112891 
0.54902 0.803922 0.114067 
0.568627 0.803922 0.115187 
0.588235 0.803922 0.116246 
0.607843 0.803922 0.11724 
0.627451 0.803922 0.118163 
0.647059 0.803922 0.11901 
0.666667 0.803922 0.119773 
0.686275 0.803922 0.120447 
0.705882 0.803922 0.121022 
0.72549 0.803922 0.121489 
0.745098 0.803922 0.121839 
0.764706 0.803922 0.12206 
0.784314 0.803922 0.12214 
0.803922 0.803922 0.122066 
0.823529 0.803922 0.121825 
0.843137 0.803922 0.121404 
0.862745 0.803922 0.12079 
0.882353 0.803922 0.119977 
0.901961 0.803922 0.118961 
0.921569 0.803922 0.117747 
0.941176 0.803922 0.116353 
0.960784 0.803922 0.114809 
0.980392 0.803922 0.113157 
0.0196078 0.823529 0.0697741 
0.0392157 0.823529 0.0715831 
0.0588235 0.823529 0.0733895 
0.0784314 0.823529 0.0751918 
0.0980392 0.823529 0.0769887 
0.117647 0.823529 0.0787789 
0.137255 0.823529 0.0805608 
0.156863 0.823529 0.0823332 
0.176471 0.823529 0.0840947 
0.196078 0.823529 0.0858437 
0.215686 0.823529 0.0875789 
0.235294 0.823529 0.0892987 
0.254902 0.823529 0.0910017 
0.27451 0.823529 0.0926862 
0.294118 0.823529 0.0943505 
0.313725 0.823529 0.0959931 
0.333333 0.823529 0.0976122 
0.352941 0.823529 0.0992059 
0.372549 0.823529 0.100772 
0.392157 0.823529 0.10231 
0.411765 0.823529 0.103816 
0.431373 0.823529 0.105288 
0.45098 0.823529 0.106724 
0.470588 0.823529 0.108123 
0.490196 0.823529 0.10948 
0.509804 0.823529 0.110793 
0.529412 0.823529 0.112058 
0.54902 0.823529 0.113273 
0.568627 0.823529 0.114434 
0.588235 0.823529 0.115535 
0.607843 0.823529 0.116573 
0.627451 0.823529 0.117542 
0.647059 0.823529 0.118436 
0.666667 0.823529 0.119248 
0.686275 0.823529 0.119971 
0.705882 0.823529 0.120595 
0.72549 0.823529 0.12111 
0.745098 0.823529 0.121505 
0.764706 0.823529 0.121768 
0.784314 0.823529 0.121882 
0.803922 0.823529 0.121833 
0.823529 0.823529 0.121602 
0.843137 0.823529 0.121172 
0.862745 0.823529 0.120523 
0.882353 0.823529 0.119642 
0.901961 0.823529 0.118519 
0.921569 0.823529 0.117154 
0.941176 0.823529 0.115562 
0.960784 0.823529 0.113779 
0.980392 0.823529 0.111861 
0.0196078 0.843137 0.0683379 
0.0392157 0.843137 0.0701623 
0.0588235 0.843137 0.0719839 
0.0784314 0.843137 0.0738018 
0.0980392 0.843137 0.0756144 
0.117647 0.843137 0.0774206 
0.137255 0.843137 0.079219 
0.156863 0.843137 0.0810082 
0.176471 0.843137 0.0827869 
0.196078 0.843137 0.0845538 
0.215686 0.843137 0.0863075 
0.235294 0.843137 0.0880464 
0.254902 0.843137 0.0897693 
0.27451 0.843137 0.0914744 
0.294118 0.843137 0.0931604 
0.313725 0.843137 0.0948256 
0.333333 0.843137 0.0964684 
0.352941 0.843137 0.0980869 
0.372549 0.843137 0.0996795 
0.392157 0.843137 0.101244 
0.411765 0.843137 0.102779 
0.431373 0.843137 0.104282 
0.45098 0.843137 0.10575 
0.470588 0.843137 0.107182 
0.490196 0.843137 0.108575 
0.509804 0.843137 0.109926 
0.529412 0.843137 0.111231 
0.54902 0.843137 0.112488 
0.568627 0.843137 0.113693 
0.588235 0.843137 0.114841 
0.607843 0.843137 0.115928 
0.627451 0.843137 0.116948 
0.647059 0.843137 0.117895 
0.666667 0.843137 0.118763 
0.686275 0.843137 0.119542 
0.705882 0.843137 0.120225 
0.72549 0.843137 0.120799 
0.745098 0.843137 0.121252 
0.764706 0.843137 0.12157 
0.784314 0.843137 0.121735 
0.803922 0.843137 0.121727 
0.823529 0.843137 0.121525 
0.843137 0.843137 0.121102 
0.862745 0.843137 0.120434 
0.882353 0.843137 0.119494 
0.901961 0.843137 0.118263 
0.921569 0.843137 0.11673 
0.941176 0.843137 0.114905 
0.960784 0.843137 0.112828 
0.980392 0.843137 0.110571 
0.0196078 0.862745 0.0668768 
0.0392157 0.862745 0.0687168 
0.0588235 0.862745 0.0705544 
0.0784314 0.862745 0.0723883 
0.0980392 0.862745 0.0742173 
0.117647 0.862745 0.0760401 
0.137255 0.862745 0.0778554 
0.156863 0.862745 0.079662 
0.176471 0.862745 0.0814587 
0.196078 0.862745 0.0832441 
0.215686 0.862745 0.0850169 
0.235294 0.862745 0.0867757 
0.254902 0.862745 0.0885192 
0.27451 0.862745 0.0902459 
0.294118 0.862745 0.0919544 
0.313725 0.862745 0.0936432 
0.333333 0.862745 0.0953106 
0.352941 0.862745 0.0969551 
0.372549 0.862745 0.0985749 
0.392157 0.862745 0.100168 
0.411765 0.862745 0.101733 
0.431373 0.862745 0.103268 
0.45098 0.862745 0.104771 
0.470588 0.862745 0.106238 
0.490196 0.862745 0.107669 
0.509804 0.862745 0.10906 
0.529412 0.862745 0.110408 
0.54902 0.862745 0.11171 
0.568627 0.862745 0.112962 
0.588235 0.862745 0.114161 
0.607843 0.862745 0.115301 
0.627451 0.862745 0.116378 
0.647059 0.862745 0.117385 
0.666667 0.862745 0.118315 
0.686275 0.862745 0.119161 
0.705882 0.862745 0.119912 
0.72549 0.862745 0.120558 
0.745098 0.862745 0.121083 
0.764706 0.862745 0.121473 
0.784314 0.862745 0.121708 
0.803922 0.862745 0.121764 
0.823529 0.862745 0.121613 
0.843137 0.862745 0.121225 
0.862745 0.862745 0.120561 
0.882353 0.862745 0.119583 
0.901961 0.862745 0.118252 
0.921569 0.862745 0.116542 
0.941176 0.862745 0.114445 
0.960784 0.862745 0.111999 
0.980392 0.862745 0.1093 
0.0196078 0.882353 0.0653911 
0.0392157 0.882353 0.0672474 
0.0588235 0.882353 0.0691013 
0.0784314 0.882353 0.0709517 
0.0980392 0.882353 0.0727975 
0.117647 0.882353 0.0746374 
0.137255 0.882353 0.0764703 
0.156863 0.882353 0.0782949 
0.176471 0.882353 0.08011 
0.196078 0.882353 0.0819145 
0.215686 0.882353 0.083707 
0.235294 0.882353 0.0854864 
0.254902 0.882353 0.0872512 
0.27451 0.882353 0.0890002 
0.294118 0.882353 0.0907319 
0.313725 0.882353 0.0924451 
0.333333 0.882353 0.0941381 
0.352941 0.882353 0.0958094 
0.372549 0.882353 0.0974576 
0.392157 0.882353 0.099081 
0.411765 0.882353 0.100678 
0.431373 0.882353 0.102246 
0.45098 0.882353 0.103784 
0.470588 0.882353 0.105289 
0.490196 0.882353 0.10676 
0.509804 0.882353 0.108193 
0.529412 0.882353 0.109586 
0.54902 0.882353 0.110936 
0.568627 0.882353 0.112239 
0.588235 0.882353 0.113492 
0.607843 0.882353 0.114691 
0.627451 0.882353 0.11583 
0.647059 0.882353 0.116903 
0.666667 0.882353 0.117904 
0.686275 0.882353 0.118825 
0.705882 0.882353 0.119656 
0.72549 0.882353 0.120385 
0.745098 0.882353 0.120999 
0.764706 0.882353 0.12148 
0.784314 0.882353 0.121807 
0.803922 0.882353 0.121953 
0.823529 0.882353 0.121887 
0.843137 0.882353 0.121568 
0.862745 0.882353 0.120948 
0.882353 0.882353 0.119969 
0.901961 0.882353 0.118568 
0.921569 0.882353 0.116683 
0.941176 0.882353 0.114277 
0.960784 0.882353 0.111365 
0.980392 0.882353 0.108071 
0.0196078 0.901961 0.0638813 
0.0392157 0.901961 0.0657543 
0.0588235 0.901961 0.067625 
0.0784314 0.901961 0.0694924 
0.0980392 0.901961 0.0713554 
0.117647 0.901961 0.0732128 
0.137255 0.901961 0.0750637 
0.156863 0.901961 0.0769067 
0.176471 0.901961 0.0787408 
0.196078 0.901961 0.0805648 
0.215686 0.901961 0.0823777 
0.235294 0.901961 0.0841781 
0.254902 0.901961 0.0859649 
0.27451 0.901961 0.0877367 
0.294118 0.901961 0.0894924 
0.313725 0.901961 0.0912307 
0.333333 0.901961 0.0929501 
0.352941 0.901961 0.0946493 
0.372549 0.901961 0.0963268 
0.392157 0.901961 0.097981 
0.411765 0.901961 0.0996106 
0.431373 0.901961 0.101214 
0.45098 0.901961 0.102788 
0.470588 0.901961 0.104333 
0.490196 0.901961 0.105845 
0.509804 0.901961 0.107323 
0.529412 0.901961 0.108763 
0.54902 0.901961 0.110164 
0.568627 0.901961 0.111522 
0.588235 0.901961 0.112833 
0.607843 0.901961 0.114094 
0.627451 0.901961 0.1153 
0.647059 0.901961 0.116446 
0.666667 0.901961 0.117525 
0.686275 0.901961 0.11853 
0.705882 0.901961 0.119452 
0.72549 0.901961 0.120279 
0.745098 0.901961 0.120997 
0.764706 0.901961 0.12159 
0.784314 0.901961 0.122035 
0.803922 0.901961 0.122304 
0.823529 0.901961 0.122361 
0.843137 0.901961 0.12216 
0.862745 0.901961 0.12164 
0.882353 0.901961 0.120723 
0.901961 0.901961 0.119311 
0.921569 0.901961 0.117293 
0.941176 0.901961 0.114559 
0.960784 0.901961 0.111059 
0.980392 0.901961 0.106922 
0.0196078 0.921569 0.0623481 
0.0392157 0.921569 0.064238 
0.0588235 0.921569 0.0661259 
0.0784314 0.921569 0.0680106 
0.0980392 0.921569 0.0698912 
0.117647 0.921569 0.0717666 
0.137255 0.921569 0.0736357 
0.156863 0.921569 0.0754976 
0.176471 0.921569 0.0773511 
0.196078 0.921569 0.0791951 
0.215686 0.921569 0.0810287 
0.235294 0.921569 0.0828506 
0.254902 0.921569 0.0846599 
0.27451 0.921569 0.0864552 
0.294118 0.921569 0.0882355 
0.313725 0.921569 0.0899995 
0.333333 0.921569 0.091746 
0.352941 0.921569 0.0934737 
0.372549 0.921569 0.0951813 
0.392157 0.921569 0.0968674 
0.411765 0.921569 0.0985307 
0.431373 0.921569 0.10017 
0.45098 0.921569 0.101782 
0.470588 0.921569 0.103367 
0.490196 0.921569 0.104923 
0.509804 0.921569 0.106447 
0.529412 0.921569 0.107937 
0.54902 0.921569 0.109391 
0.568627 0.921569 0.110806 
0.588235 0.921569 0.112179 
0.607843 0.921569 0.113507 
0.627451 0.921569 0.114785 
0.647059 0.921569 0.116009 
0.666667 0.921569 0.117173 
0.686275 0.921569 0.11827 
0.705882 0.921569 0.119293 
0.72549 0.921569 0.120231 
0.745098 0.921569 0.121071 
0.764706 0.921569 0.121797 
0.784314 0.921569 0.122387 
0.803922 0.921569 0.122815 
0.823529 0.921569 0.123042 
0.843137 0.921569 0.123019 
0.862745 0.921569 0.122676 
0.882353 0.921569 0.121917 
0.901961 0.921569 0.120608 
0.921569 0.921569 0.118564 
0.941176 0.921569 0.11555 
0.960784 0.921569 0.111336 
0.980392 0.921569 0.105927 
0.0196078 0.941176 0.0607919 
0.0392157 0.941176 0.0626991 
0.0588235 0.941176 0.0646043 
0.0784314 0.941176 0.0665066 
0.0980392 0.941176 0.0684051 
0.117647 0.941176 0.0702987 
0.137255 0.941176 0.0721865 
0.156863 0.941176 0.0740675 
0.176471 0.941176 0.0759408 
0.196078 0.941176 0.0778052 
0.215686 0.941176 0.0796598 
0.235294 0.941176 0.0815037 
0.254902 0.941176 0.0833358 
0.27451 0.941176 0.0851551 
0.294118 0.941176 0.0869604 
0.313725 0.941176 0.0887506 
0.333333 0.941176 0.0905248 
0.352941 0.941176 0.0922816 
0.372549 0.941176 0.09402 
0.392157 0.941176 0.0957388 
0.411765 0.941176 0.0974366 
0.431373 0.941176 0.0991122 
0.45098 0.941176 0.100764 
0.470588 0.941176 0.102391 
0.490196 0.941176 0.103991 
0.509804 0.941176 0.105563 
0.529412 0.941176 0.107104 
0.54902 0.941176 0.108613 
0.568627 0.941176 0.110088 
0.588235 0.941176 0.111526 
0.607843 0.941176 0.112923 
0.627451 0.941176 0.114278 
0.647059 0.941176 0.115585 
0.666667 0.941176 0.11684 
0.686275 0.941176 0.118038 
0.705882 0.941176 0.119172 
0.72549 0.941176 0.120232 
0.745098 0.941176 0.12121 
0.764706 0.941176 0.122089 
0.784314 0.941176 0.122852 
0.803922 0.941176 0.123475 
0.823529 0.941176 0.123922 
0.843137 0.941176 0.124145 
0.862745 0.941176 0.124076 
0.882353 0.941176 0.123609 
0.901961 0.941176 0.122585 
0.921569 0.941176 0.12075 
0.941176 0.941176 0.117689 
0.960784 0.941176 0.112752 
0.980392 0.941176 0.105244 
0.0196078 0.960784 0.0592133 
0.0392157 0.960784 0.0611379 
0.0588235 0.960784 0.0630607 
0.0784314 0.960784 0.0649809 
0.0980392 0.960784 0.0668975 
0.117647 0.960784 0.0688095 
0.137255 0.960784 0.0707162 
0.156863 0.960784 0.0726166 
0.176471 0.960784 0.0745098 
0.196078 0.960784 0.0763949 
0.215686 0.960784 0.0782709 
0.235294 0.960784 0.0801371 
0.254902 0.960784 0.0819923 
0.27451 0.960784 0.0838358 
0.294118 0.960784 0.0856665 
0.313725 0.960784 0.0874834 
0.333333 0.960784 0.0892856 
0.352941 0.960784 0.0910721 
0.372549 0.960784 0.0928418 
0.392157 0.960784 0.0945937 
0.411765 0.960784 0.0963267 
0.431373 0.960784 0.0980398 
0.45098 0.960784 0.0997316 
0.470588 0.960784 0.101401 
0.490196 0.960784 0.103047 
0.509804 0.960784 0.104668 
0.529412 0.960784 0.106262 
0.54902 0.960784 0.107828 
0.568627 0.960784 0.109364 
0.588235 0.960784 0.110868 
0.607843 0.960784 0.112339 
0.627451 0.960784 0.113772 
0.647059 0.960784 0.115167 
0.666667 0.960784 0.116518 
0.686275 0.960784 0.117823 
0.705882 0.960784 0.119075 
0.72549 0.960784 0.120269 
0.745098 0.960784 0.121397 
0.764706 0.960784 0.122448 
0.784314 0.960784 0.123409 
0.803922 0.960784 0.124259 
0.823529 0.960784 0.124974 
0.843137 0.960784 0.125514 
0.862745 0.960784 0.125821 
0.882353 0.960784 0.125806 
0.901961 0.960784 0.125322 
0.921569 0.960784 0.124108 
0.941176 0.960784 0.121649 
0.960784 0.960784 0.116685 
0.980392 0.960784 0.105258 
0.0196078 0.980392 0.0576127 
0.0392157 0.980392 0.059555 
0.0588235 0.980392 0.0614956 
0.0784314 0.980392 0.0634337 
0.0980392 0.980392 0.0653685 
0.117647 0.980392 0.0672992 
0.137255 0.980392 0.0692249 
0.156863 0.980392 0.0711448 
0.176471 0.980392 0.0730582 
0.196078 0.980392 0.0749641 
0.215686 0.980392 0.0768617 
0.235294 0.980392 0.0787503 
0.254902 0.980392 0.080629 
0.27451 0.980392 0.0824969 
0.294118 0.980392 0.0843532 
0.313725 0.980392 0.086197 
0.333333 0.980392 0.0880276 
0.352941 0.980392 0.0898439 
0.372549 0.980392 0.0916453 
0.392157 0.980392 0.0934308 
0.411765 0.980392 0.0951994 
0.431373 0.980392 0.0969503 
0.45098 0.980392 0.0986826 
0.470588 0.980392 0.100395 
0.490196 0.980392 0.102087 
0.509804 0.980392 0.103758 
0.529412 0.980392 0.105406 
0.54902 0.980392 0.10703 
0.568627 0.980392 0.108629 
0.588235 0.980392 0.110201 
0.607843 0.980392 0.111746 
0.627451 0.980392 0.113262 
0.647059 0.980392 0.114746 
0.666667 0.980392 0.116197 
0.686275 0.980392 0.117613 
0.705882 0.980392 0.11899 
0.72549 0.980392 0.120325 
0.745098 0.980392 0.121613 
0.764706 0.980392 0.122849 
0.784314 0.980392 0.124025 
0.803922 0.980392 0.125131 
0.823529 0.980392 0.126151 
0.843137 0.980392 0.127064 
0.862745 0.980392 0.127837 
0.882353 0.980392 0.128421 
0.901961 0.980392 0.128735 
0.921569 0.980392 0.12866 
0.941176 0.980392 0.128061 
0.960784 0.980392 0.127027 
0.980392 0.980392 0.127314 
